{
  "advancedEditorSelectedIdentifier" : "ProjectBrowser",
  "openSceneRelativePaths" : [
    "OrbScene.usda"
  ],
  "recentIdentifiers" : {

  },
  "sceneCameraHistory" : {
    "61EDCD05-32BC-45F9-B5FC-7399064D582E" : [
      {
        "date" : 776266982.243695,
        "title" : "Untitled",
        "transform" : [
          0.99999416,
          -6.093376e-10,
          0.0033988464,
          0,
          0.0028514187,
          0.54422617,
          -0.83893365,
          0,
          -0.0018497346,
          0.8389385,
          0.544223,
          0,
          -0.0011240903,
          0.5539986,
          0.35961556,
          1
        ]
      },
      {
        "date" : 776266965.02277,
        "title" : "Untitled",
        "transform" : [
          0.98828286,
          -5.6520033e-10,
          0.1526332,
          0,
          0.05217804,
          0.93975365,
          -0.33784696,
          0,
          -0.14343762,
          0.3418525,
          0.9287425,
          0,
          -0.09465144,
          0.22560358,
          0.6135008,
          1
        ]
      },
      {
        "date" : 776266938.919384,
        "title" : "Untitled",
        "transform" : [
          1,
          0,
          0,
          0,
          0,
          0.7071069,
          -0.7071067,
          0,
          0,
          0.7071067,
          0.7071069,
          0,
          9.818477e-05,
          0.4668938,
          0.46717152,
          1
        ]
      },
      {
        "date" : 776168771.444223,
        "title" : "Untitled",
        "transform" : [
          1,
          0,
          -0,
          0,
          -0,
          0.7071069,
          -0.7071067,
          0,
          0,
          0.7071067,
          0.7071069,
          0,
          0.0007932623,
          3.7721658,
          3.7744095,
          1
        ]
      },
      {
        "date" : 776160025.629898,
        "title" : "Untitled",
        "transform" : [
          1,
          0,
          0,
          0,
          0,
          0.7071069,
          -0.70710677,
          0,
          0,
          0.70710677,
          0.7071069,
          0,
          0.26553673,
          1.4914788,
          2.2425356,
          1
        ]
      },
      {
        "date" : 776160021.978753,
        "title" : "Untitled",
        "transform" : [
          1,
          0,
          0,
          0,
          0,
          0.7071069,
          -0.70710677,
          0,
          0,
          0.70710677,
          0.7071069,
          0,
          0,
          1.8670074,
          1.8670076,
          1
        ]
      }
    ]
  },
  "sceneViewportBackgroundColors" : {

  }
}