{
  "advancedEditorSelectedIdentifier" : "ProjectBrowser",
  "openSceneRelativePaths" : [
    "OrbScene.usda"
  ],
  "recentIdentifiers" : {

  },
  "sceneCameraHistory" : {
    "61EDCD05-32BC-45F9-B5FC-7399064D582E" : [
      {
        "date" : 776168771.444223,
        "title" : "Untitled",
        "transform" : [
          1,
          0,
          -0,
          0,
          -0,
          0.7071069,
          -0.7071067,
          0,
          0,
          0.7071067,
          0.7071069,
          0,
          0.0007932623,
          3.7721658,
          3.7744095,
          1
        ]
      },
      {
        "date" : 776160025.629898,
        "title" : "Untitled",
        "transform" : [
          1,
          0,
          0,
          0,
          0,
          0.7071069,
          -0.70710677,
          0,
          0,
          0.70710677,
          0.7071069,
          0,
          0.26553673,
          1.4914788,
          2.2425356,
          1
        ]
      },
      {
        "date" : 776160021.978753,
        "title" : "Untitled",
        "transform" : [
          1,
          0,
          0,
          0,
          0,
          0.7071069,
          -0.70710677,
          0,
          0,
          0.70710677,
          0.7071069,
          0,
          0,
          1.8670074,
          1.8670076,
          1
        ]
      }
    ]
  },
  "sceneViewportBackgroundColors" : {

  }
}